LH0_W: 0.294397
LH0_X: -0.287722
LH0_Y: 0.638677
LH0_Z: 0.650107
LH0_x: 1.517339
LH0_y: -0.095468
LH0_z: -1.126563
LH1_W: -0.230805
LH1_X: 0.237521
LH1_Y: 0.668875
LH1_Z: 0.665521
LH1_x: 1.083338
LH1_y: -0.119254
LH1_z: -3.246971
tracker_abs_W: 0.0
tracker_abs_X: 0.7071068
tracker_abs_Y: -0.7071068
tracker_abs_Z: 0.0
tracker_abs_x: 1.3
tracker_abs_y: 2.1
tracker_abs_z: 0.0
freq: 100
unit: 100