Blue:
  LH0_W: 0.6391993972238968
  LH0_X: -0.5644401059743137
  LH0_Y: -0.3474320346880203
  LH0_Z: -0.3900288176902505
  LH0_x: -1.3444804166432183
  LH0_y: -0.19849245444855992
  LH0_z: -2.711905552451624
  LH1_W: 0.041921669129233084
  LH1_X: -0.036846145296961966
  LH1_Y: 0.6310733827052272
  LH1_Z: 0.7737126862570861
  LH1_x: 1.6654001574968547
  LH1_y: -0.25282321811216324
  LH1_z: -1.9578194687587724
  LH2_W: 0.6833060084880934
  LH2_X: -0.6011207408448443
  LH2_Y: 0.2428495748302441
  LH2_Z: 0.3358136949187521
  LH2_x: -0.18572974272402426
  LH2_y: -0.6285693226439246
  LH2_z: -0.10351085293676987
Green:
  LH0_W: 0.3900288176902506
  LH0_X: -0.34743203468802025
  LH0_Y: 0.5644401059743137
  LH0_Z: 0.6391993972238968
  LH0_x: 1.8001736378018465
  LH0_y: -0.4005625660294353
  LH0_z: -0.9596731055805164
  LH1_W: 0.7737126862570861
  LH1_X: -0.6310733827052271
  LH1_Y: -0.036846145296961966
  LH1_Z: -0.041921669129233084
  LH1_x: -1.5386612490544371
  LH1_y: -0.5976828212128215
  LH1_z: -0.34070402538504496
  LH2_W: -0.3358136949187522
  LH2_X: 0.24284957483024408
  LH2_Y: 0.6011207408448443
  LH2_Z: 0.6833060084880934
  LH2_x: 0.28200800790915426
  LH2_y: -0.024147658910727343
  LH2_z: -3.6271305612825224
P1:
  pos_true_x: 2.5
  pos_true_y: 1.5
  pos_get__x: 2.441
  pos_get__y: 1.60
P2:
  pos_true_x: 0.5
  pos_true_y: 1.5
  pos_get__x: 0.436
  pos_get__y: 1.489
P3:
  pos_true_x: 0.5
  pos_true_y: 0.5
  pos_get__x: 0.488
  pos_get__y: 0.503
P4:
  pos_true_x: 2.5
  pos_true_y: 0.5
  pos_get__x: 2.48
  pos_get__y: 0.60
