LH0_W: 0.248398
LH0_X: -0.242035
LH0_Y: 0.649332
LH0_Z: 0.67682
LH0_x: 1.456073
LH0_y: -0.446363
LH0_z: -1.573324
LH1_W: 0.750552
LH1_X: -0.659881
LH1_Y: -0.034507
LH1_Z: -0.006189
LH1_x: -1.432003
LH1_y: -0.481655
LH1_z: -0.224142
LH2_W: -0.281524
LH2_X: 0.256357
LH2_Y: 0.615593
LH2_Z: 0.689979
LH2_x: 0.678097
LH2_y: -0.077221
LH2_z: -3.56333
freq: 100
tracker_abs_W: 0.0
tracker_abs_X: 0.7071068
tracker_abs_Y: -0.7071068
tracker_abs_Z: 0.0
tracker_abs_x: 1.0
tracker_abs_y: 1.5
tracker_abs_z: 0.0
unit: 100
