LH0_W: 0.691826
LH0_X: -0.717868
LH0_Y: -0.05977
LH0_Z: -0.049695
LH0_x: -1.527042
LH0_y: -0.047059
LH0_z: -0.090554
LH1_W: 0.296363
LH1_X: -0.307707
LH1_Y: 0.624993
LH1_Z: 0.653352
LH1_x: 1.483362
LH1_y: -0.017442
LH1_z: -1.073243
LH2_W: -0.231226
LH2_X: 0.24129
LH2_Y: 0.660527
LH2_Z: 0.672322
LH2_x: 1.014454
LH2_y: -0.054185
LH2_z: -3.259192
freq: 100
unit: 100
