Blue:
  LH0_W: 0.7072318490918047
  LH0_X: -0.5446050284343602
  LH0_Y: -0.298777353820156
  LH0_Z: -0.3375804607473926
  LH0_x: -1.4712513818426856
  LH0_y: -0.13864365837006581
  LH0_z: -2.425559741630405
  LH1_W: -0.024507437428388255
  LH1_X: 0.006448814603045045
  LH1_Y: 0.6732609721015361
  LH1_Z: 0.7389705418660502
  LH1_x: 1.5122196000506607
  LH1_y: -0.2138022709407915
  LH1_z: -2.220747620527645
  LH2_W: 0.6725071074357725
  LH2_X: -0.5460621128820968
  LH2_Y: 0.3313789756845835
  LH2_Z: 0.37381590896769845
  LH2_x: 0.11305491330758366
  LH2_y: -0.5493714763855146
  LH2_z: -0.08561889711206616
Green:
  LH0_W: 0.3375804607473927
  LH0_X: -0.29877735382015597
  LH0_Y: 0.5446050284343601
  LH0_Z: 0.7072318490918048
  LH0_x: 1.9152309813297754
  LH0_y: -0.23705650146095208
  LH0_z: -1.1918449787145144
  LH1_W: 0.7389705418660502
  LH1_X: -0.6732609721015362
  LH1_Y: 0.006448814603045022
  LH1_Z: 0.02450743742838828
  LH1_x: -1.394119151735781
  LH1_y: -0.48088970152907906
  LH1_z: -0.10370738371442711
  LH2_W: -0.3738159089676985
  LH2_X: 0.3313789756845835
  LH2_Y: 0.5460621128820968
  LH2_Z: 0.6725071074357726
  LH2_x: -0.11363667975255765
  LH2_y: 0.12158197608193272
  LH2_z: -3.620931102032285
