LH0_W: 0.268166
LH0_X: -0.262154
LH0_Y: 0.660682
LH0_Z: 0.650278
LH0_x: 1.578809
LH0_y: 0.090421
LH0_z: -1.490142
LH1_W: 0.770631
LH1_X: -0.636496
LH1_Y: -0.024519
LH1_Z: -0.019971
LH1_x: -1.39442
LH1_y: 0.074111
LH1_z: -0.15369
LH2_W: -0.327978
LH2_X: 0.276192
LH2_Y: 0.619755
LH2_Z: 0.657307
LH2_x: 0.353916
LH2_y: 0.431824
LH2_z: -3.541087
freq: 100
tracker_abs_W: 0.0
tracker_abs_X: 0.7071068
tracker_abs_Y: -0.7071068
tracker_abs_Z: 0.0
tracker_abs_x: 1.2
tracker_abs_y: 1.5
tracker_abs_z: 0.0
unit: 100
