LH0_W: 0.377782
LH0_X: -0.332134
LH0_Y: 0.558191
LH0_Z: 0.659841
LH0_x: 1.88644
LH0_y: -0.22087
LH0_z: -1.027452
LH1_W: 0.763626
LH1_X: -0.645421
LH1_Y: -0.017074
LH1_Z: -0.003843
LH1_x: -1.467434
LH1_y: -0.446093
LH1_z: -0.184216
LH2_W: -0.251714
LH2_X: 0.202553
LH2_Y: 0.608725
LH2_Z: 0.724615
LH2_x: 1.075702
LH2_y: 0.185381
LH2_z: -3.452621
freq: 100
tracker_name: tracker_C
unit: 100
