LH0_W: 0.373338
LH0_X: -0.327755
LH0_Y: 0.555872
LH0_Z: 0.666485
LH0_x: 1.903545
LH0_y: -0.434413
LH0_z: -1.078755
LH1_W: 0.702394
LH1_X: -0.711486
LH1_Y: -0.016165
LH1_Z: -0.013008
LH1_x: -1.481247
LH1_y: -0.16432
LH1_z: 0.102602
LH2_W: -0.255717
LH2_X: 0.20722
LH2_Y: 0.60727
LH2_Z: 0.723113
LH2_x: 1.066199
LH2_y: -0.038438
LH2_z: -3.496936
freq: 20
tracker_abs_W: 0.0
tracker_abs_X: 0.7071068
tracker_abs_Y: -0.7071068
tracker_abs_Z: 0.0
tracker_abs_x: 1.0
tracker_abs_y: 1.5
tracker_abs_z: 0.0
tracker_name: tracker_C
unit: 100
