LH0_W: 0.258932
LH0_X: -0.262744
LH0_Y: 0.652134
LH0_Z: 0.6623
LH0_x: 1.50722
LH0_y: -0.443725
LH0_z: -1.49219
LH1_W: 0.75539
LH1_X: -0.654231
LH1_Y: -0.033899
LH1_Z: -0.014761
LH1_x: -1.448256
LH1_y: -0.476038
LH1_z: -0.245388
LH2_W: -0.28283
LH2_X: 0.243539
LH2_Y: 0.622133
LH2_Z: 0.68822
LH2_x: 0.715348
LH2_y: -0.07351
LH2_z: -3.563381
freq: 100
unit: 100
max_distance_bt_maps: 0.1
