LH0_W: 0.771756
LH0_X: -0.529858
LH0_Y: 0.247219
LH0_Z: 0.250052
LH0_x: -0.403632
LH0_y: 0.981058
LH0_z: 0.079174
LH1_W: 0.576721
LH1_X: -0.367707
LH1_Y: -0.578217
LH1_Z: -0.444804
LH1_x: -0.879609
LH1_y: 1.360005
LH1_z: -2.485086
LH2_W: 0.294042
LH2_X: -0.173298
LH2_Y: 0.72255
LH2_Z: 0.601189
LH2_x: 2.136383
LH2_y: 1.253992
LH2_z: -1.532211
freq: 100
unit: 100
