LH0_W: 0.364997
LH0_X: -0.341678
LH0_Y: 0.570002
LH0_Z: 0.652021
LH0_x: 1.892013
LH0_y: -0.392766
LH0_z: -1.056818
LH1_W: 0.710367
LH1_X: -0.701684
LH1_Y: -0.024988
LH1_Z: -0.048936
LH1_x: -1.469981
LH1_y: -0.125047
LH1_z: -0.001309
LH2_W: -0.268874
LH2_X: 0.187504
LH2_Y: 0.608807
LH2_Z: 0.722429
LH2_x: 1.070895
LH2_y: 0.006315
LH2_z: -3.488619
freq: 20
tracker_abs_W: 0.0
tracker_abs_X: 0.7071068
tracker_abs_Y: -0.7071068
tracker_abs_Z: 0.0
tracker_abs_x: 1.0
tracker_abs_y: 1.5
tracker_abs_z: 0.0
tracker_name: tracker_C
unit: 100
