LH0_W: 0.313041
LH0_X: -0.159197
LH0_Y: 0.637938
LH0_Z: 0.685345
LH0_x: 1.3887
LH0_y: -0.748903
LH0_z: -1.693842
LH1_W: 0.679839
LH1_X: -0.682862
LH1_Y: 0.185045
LH1_Z: 0.193073
LH1_x: -0.103534
LH1_y: -0.177262
LH1_z: 0.440184
LH2_W: -0.182258
LH2_X: 0.154115
LH2_Y: 0.629446
LH2_Z: 0.739479
LH2_x: 1.629099
LH2_y: -0.121616
LH2_z: -3.277698
freq: 100
tracker_abs_W: 0.0
tracker_abs_X: 0.7071068
tracker_abs_Y: -0.7071068
tracker_abs_Z: 0.0
tracker_abs_x: 1.0
tracker_abs_y: 1.5
tracker_abs_z: 0.0
tracker_name: tracker_C
unit: 100
