LH0_W: 0.271947
LH0_X: -0.23558
LH0_Y: 0.60083
LH0_Z: 0.713828
LH0_x: 1.417823
LH0_y: -0.414805
LH0_z: -1.58237
LH1_W: 0.708397
LH1_X: -0.702143
LH1_Y: -0.054207
LH1_Z: -0.047237
LH1_x: -1.488551
LH1_y: -0.466996
LH1_z: -0.29393
LH2_W: -0.240343
LH2_X: 0.195276
LH2_Y: 0.611716
LH2_Z: 0.727947
LH2_x: 1.122016
LH2_y: -0.043286
LH2_z: -3.476003
freq: 20
tracker_abs_W: 0.0
tracker_abs_X: 0.7071068
tracker_abs_Y: -0.7071068
tracker_abs_Z: 0.0
tracker_abs_x: 1.0
tracker_abs_y: 1.5
tracker_abs_z: 0.0
tracker_name: tracker_C
unit: 100
