LH0_W: 0.353234
LH0_X: -0.305028
LH0_Y: 0.574391
LH0_Z: 0.672501
LH0_x: 1.95115
LH0_y: -0.089129
LH0_z: -1.119415
LH1_W: 0.761814
LH1_X: -0.647591
LH1_Y: -0.009093
LH1_Z: 0.013494
LH1_x: -1.391117
LH1_y: -0.352607
LH1_z: -0.118839
LH2_W: -0.311802
LH2_X: 0.256863
LH2_Y: 0.594224
LH2_Z: 0.695484
LH2_x: 0.638328
LH2_y: 0.286843
LH2_z: -3.557286
calibrate_tracker: tracker_C
freq: 100
tracker_abs_W: 0.0
tracker_abs_X: 0.7071068
tracker_abs_Y: -0.7071068
tracker_abs_Z: 0.0
tracker_abs_x: 1.0
tracker_abs_y: 1.5
tracker_abs_z: 0.0
unit: 100
