LH0_W: 0.344883
LH0_X: -0.354479
LH0_Y: 0.607449
LH0_Z: 0.621616
LH0_x: 1.763447
LH0_y: -0.41673
LH0_z: -1.025564
LH1_W: 0.753288
LH1_X: -0.650144
LH1_Y: -0.076707
LH1_Z: -0.063142
LH1_x: -1.468305
LH1_y: -0.449446
LH1_z: -0.443454
LH2_W: -0.276197
LH2_X: 0.238291
LH2_Y: 0.624089
LH2_Z: 0.690975
LH2_x: 0.695089
LH2_y: -0.073627
LH2_z: -3.559235
freq: 100
tracker_abs_W: 0.0
tracker_abs_X: 0.7071068
tracker_abs_Y: -0.7071068
tracker_abs_Z: 0.0
tracker_abs_x: 1.0
tracker_abs_y: 1.5
tracker_abs_z: 0.0
unit: 100
